-0.011907959,1.4093972,-0.59576774,-0.04693703,0.011577635,0.092444465,0.0,0.0
-0.017726326,1.4077396,-0.58415467,-0.07369349,0.013865411,0.045759782,0.0,0.0
-0.023484612,1.4054781,-0.576614,-0.100519985,0.014641325,0.01551977,0.0,0.0
-0.029146671,1.4026179,-0.5645382,-0.12710318,0.012994993,-0.032929443,0.0,0.0
-0.034740925,1.3991705,-0.5560512,-0.15319188,0.009646425,-0.06697772,0.0,0.0
-0.04025831,1.3951302,-0.54639155,-0.17954366,0.004362571,-0.10568659,0.0,0.0
-0.045695495,1.3904929,-0.53633386,-0.20609532,-0.002933566,-0.14593661,0.0,0.0
-0.05105591,1.3852463,-0.5267256,-0.23323756,-0.012150521,-0.18435597,0.0,0.0
-0.05635023,1.379388,-0.5184456,-0.26048934,-0.023022342,-0.21745649,0.0,0.0
-0.061549567,1.3729292,-0.5065388,-0.28731787,-0.036273405,-0.26504532,0.0,0.0
-0.066748425,1.3658726,-0.5064994,-0.31399935,-0.04952159,-0.26498815,0.0,0.0
-0.071946815,1.3582184,-0.50646085,-0.34068128,-0.06276809,-0.26495406,0.0,0.0
-0.07714472,1.3499665,-0.5064233,-0.36736327,-0.076012425,-0.26491088,0.0,0.0
-0.08234205,1.3411171,-0.50638586,-0.39404595,-0.08925458,-0.26486716,0.0,0.0
-0.08753891,1.3316697,-0.50634885,-0.42072916,-0.102494545,-0.26482362,0.0,0.0
-0.09273519,1.3216246,-0.5063123,-0.44741288,-0.115732335,-0.26478016,0.0,0.0
-0.09793081,1.310982,-0.50627625,-0.47409713,-0.12896799,-0.26473707,0.0,0.0
-0.1030488,1.3003957,-0.49862885,-0.4716911,-0.14210673,-0.26279873,0.0,0.0
-0.108197406,1.2903,-0.5010936,-0.45006958,-0.15586878,-0.2752659,0.0,0.0
-0.11317196,1.2810802,-0.48380676,-0.41125867,-0.16954128,-0.27347484,0.0,0.0
-0.11796322,1.2722971,-0.46580514,-0.39193478,-0.18291622,-0.26752287,0.0,0.0
-0.12271814,1.2635386,-0.46202677,-0.3909959,-0.19647782,-0.27125594,0.0,0.0
-0.12724695,1.2550987,-0.43991113,-0.3768805,-0.20956455,-0.2617581,0.0,0.0
-0.131499,1.2468376,-0.413016,-0.368934,-0.22189803,-0.24669182,0.0,0.0
-0.13569584,1.2390419,-0.40704292,-0.34843108,-0.23470621,-0.25616378,0.0,0.0
-0.13976622,1.2320626,-0.3939986,-0.3123275,-0.24796215,-0.26511908,0.0,0.0
-0.14367075,1.225688,-0.37728566,-0.2855917,-0.26138657,-0.26848862,0.0,0.0
-0.1475441,1.2194939,-0.37375057,-0.2777768,-0.2752943,-0.27815482,0.0,0.0
-0.15115766,1.213656,-0.3481643,-0.26199782,-0.2888475,-0.27106395,0.0,0.0
-0.15455475,1.2087207,-0.3262259,-0.2220816,-0.30276167,-0.2782834,0.0,0.0
-0.15787525,1.203757,-0.3184548,-0.22350468,-0.31686398,-0.282046,0.0,0.0
-0.16089591,1.1993597,-0.2887084,-0.19842188,-0.33076894,-0.27809915,0.0,0.0
-0.16390046,1.1950052,-0.28661042,-0.19676809,-0.34524745,-0.2895698,0.0,0.0
-0.16677657,1.1912855,-0.27314624,-0.16886407,-0.36045614,-0.30417424,0.0,0.0
-0.16918392,1.188258,-0.22693431,-0.13808827,-0.3750418,-0.29171416,0.0,0.0
-0.17115574,1.1858816,-0.18391068,-0.109176315,-0.3891675,-0.2825132,0.0,0.0
-0.17277908,1.1840036,-0.1493276,-0.087081686,-0.40308774,-0.278405,0.0,0.0
-0.17433043,1.1821597,-0.14176507,-0.085823886,-0.41746804,-0.28760573,0.0,0.0
-0.17595606,1.1797627,-0.15125306,-0.10992835,-0.42971832,-0.24500564,0.0,0.0
-0.17726536,1.1780992,-0.11932816,-0.077528626,-0.44235232,-0.25268006,0.0,0.0
-0.17865105,1.175904,-0.12920487,-0.10055433,-0.452609,-0.20513347,0.0,0.0
-0.17964391,1.1745371,-0.08970225,-0.0638989,-0.46315843,-0.21098848,0.0,0.0
-0.1807023,1.1726261,-0.098113015,-0.08752677,-0.47168747,-0.17058061,0.0,0.0
-0.18154898,1.1711156,-0.07650553,-0.06993409,-0.480747,-0.1811912,0.0,0.0
-0.18247509,1.1690568,-0.086548015,-0.09363077,-0.4875046,-0.13515182,0.0,0.0
-0.18302909,1.1671724,-0.049723387,-0.085765965,-0.4938614,-0.1271353,0.0,0.0
-0.18342105,1.1653004,-0.033325672,-0.08532548,-0.5004533,-0.13183768,0.0,0.0
-0.18387747,1.1628685,-0.041437753,-0.10962829,-0.5051916,-0.0947671,0.0,0.0
-0.18394908,1.1613013,-0.0024165069,-0.07141728,-0.5105596,-0.10735954,0.0,0.0
-0.18409815,1.1591988,-0.012282921,-0.094422385,-0.5135277,-0.05936133,0.0,0.0
-0.18433332,1.1565557,-0.0231338,-0.117619984,-0.51395965,-0.008638939,0.0,0.0
-0.18416472,1.1540943,0.01684863,-0.10938819,-0.51395154,0.00016232298,0.0,0.0
-0.18406725,1.151102,0.0077103027,-0.13222778,-0.51163876,0.04625604,0.0,0.0
-0.18403845,1.147565,-0.0010326026,-0.1557441,-0.5072167,0.088441625,0.0,0.0
-0.18409061,1.1434946,-0.01136037,-0.17864607,-0.5002959,0.1384159,0.0,0.0
-0.18379307,1.1402307,0.024186995,-0.14304951,-0.49403656,0.12518632,0.0,0.0
-0.1834197,1.1362938,0.033920947,-0.17375073,-0.49021652,0.07640036,0.0,0.0
-0.18313226,1.1318158,0.023064705,-0.19701639,-0.4838738,0.12685423,0.0,0.0
-0.18292293,1.1268034,0.013075617,-0.22004169,-0.47512016,0.17507325,0.0,0.0
-0.1824789,1.1218414,0.036460653,-0.21783608,-0.46631926,0.1760172,0.0,0.0
-0.18211813,1.1163361,0.025882289,-0.24129972,-0.45508215,0.22474177,0.0,0.0
-0.18167773,1.1101744,0.035957925,-0.2712407,-0.44620097,0.17762354,0.0,0.0
-0.18129921,1.1034541,0.028057124,-0.29559937,-0.43551618,0.21369597,0.0,0.0
-0.18077631,1.0968113,0.042710572,-0.2922953,-0.42510763,0.20817149,0.0,0.0
-0.18031874,1.0896035,0.034435235,-0.3169762,-0.4128801,0.24455154,0.0,0.0
-0.1796321,1.0829866,0.057752717,-0.29094633,-0.40115616,0.23447883,0.0,0.0
-0.17887335,1.0757337,0.06678794,-0.31981555,-0.3914225,0.19467299,0.0,0.0
-0.17811422,1.0678818,0.06678335,-0.3464895,-0.38168892,0.19467174,0.0,0.0
-0.17735481,1.0594312,0.06677888,-0.37316355,-0.3719554,0.19467045,0.0,0.0
-0.17659502,1.0503818,0.06677452,-0.3998376,-0.3622219,0.19466919,0.0,0.0
-0.17583504,1.0407336,0.06677026,-0.4265117,-0.3524885,0.1946679,0.0,0.0
-0.17507467,1.0304866,0.066766106,-0.45318577,-0.34275514,0.19466662,0.0,0.0
-0.17431393,1.0196407,0.066762075,-0.47985992,-0.33302188,0.19466534,0.0,0.0
-0.17334624,1.0087394,0.08709151,-0.4823097,-0.322933,0.2017777,0.0,0.0
-0.17237826,0.9972393,0.08708741,-0.50898445,-0.3128442,0.20177631,0.0,0.0
-0.17141008,0.9851405,0.08708342,-0.5356592,-0.30275548,0.20177491,0.0,0.0
-0.16999884,0.97374004,0.13061306,-0.5045325,-0.2919057,0.21699557,0.0,0.0
-0.1685874,0.96174115,0.13060877,-0.53120863,-0.28105602,0.21699378,0.0,0.0
-0.16697197,0.9502014,0.15096763,-0.5108789,-0.27020684,0.2169838,0.0,0.0
-0.16535616,0.9380632,0.15096363,-0.53755504,-0.25935775,0.216982,0.0,0.0
-0.16374025,0.92532635,0.15095976,-0.56423116,-0.24850872,0.21698025,0.0,0.0
-0.16184731,0.91324955,0.17834198,-0.5349311,-0.23737471,0.22268017,0.0,0.0
-0.15995416,0.9005745,0.17833826,-0.5616079,-0.2262408,0.22267826,0.0,0.0
-0.15806074,0.8873011,0.17833468,-0.5882847,-0.215107,0.22267632,0.0,0.0
-0.15616742,0.87464476,0.17909174,-0.5610468,-0.20477577,0.20662458,0.0,0.0
-0.15427399,0.86138994,0.17908895,-0.5877222,-0.1944446,0.20662305,0.0,0.0
-0.15212373,0.8485422,0.20417857,-0.5696217,-0.1835493,0.21790616,0.0,0.0
-0.14997339,0.8350961,0.20417579,-0.59629816,-0.17265408,0.21790437,0.0,0.0
-0.14782286,0.82105166,0.20417316,-0.6229746,-0.16175893,0.21790257,0.0,0.0
-0.1457055,0.8077621,0.20165288,-0.58959585,-0.15168947,0.2013891,0.0,0.0
-0.14358807,0.7938735,0.2016509,-0.6162709,-0.14162008,0.20138772,0.0,0.0
-0.14124966,0.78049296,0.22319897,-0.59371966,-0.131022,0.21196172,0.0,0.0
-0.13891125,0.7665138,0.22319707,-0.6203956,-0.12042401,0.21196005,0.0,0.0
-0.13657255,0.7519362,0.22319531,-0.6470716,-0.10982609,0.21195844,0.0,0.0
-0.13414153,0.7378153,0.2323525,-0.6268459,-0.09916138,0.21329398,0.0,0.0
-0.13163242,0.72307795,0.24218328,-0.6544359,-0.09049039,0.17341985,0.0,0.0
-0.12898226,0.70851946,0.25582114,-0.64651203,-0.0813884,0.18203983,0.0,0.0
-0.12619105,0.69451636,0.26956654,-0.6218745,-0.07192602,0.18924762,0.0,0.0
-0.12331905,0.67991096,0.27968678,-0.64879036,-0.06449189,0.14868264,0.0,0.0
-0.12045975,0.6657636,0.2786792,-0.6284708,-0.05732771,0.14328378,0.0,0.0
-0.11760054,0.65101707,0.27867875,-0.65514165,-0.050163552,0.14328328,0.0,0.0
-0.11468878,0.63682026,0.2838601,-0.63075054,-0.042935442,0.14456233,0.0,0.0
-0.11181984,0.6227543,0.2798724,-0.6249687,-0.03600255,0.13865787,0.0,0.0
-0.108774945,0.60926366,0.29677412,-0.5994129,-0.02838765,0.15229796,0.0,0.0
-0.10565929,0.5965323,0.30363625,-0.5657081,-0.020565547,0.15644236,0.0,0.0
-0.102543734,0.5832018,0.30363607,-0.59237987,-0.012743474,0.15644166,0.0,0.0
-0.09959698,0.57065004,0.28759897,-0.5578112,-0.0057572806,0.13972384,0.0,0.0
-0.09665012,0.557499,0.2875989,-0.584482,0.0012288799,0.13972333,0.0,0.0
-0.0935751,0.5448329,0.29982433,-0.56296337,0.008811904,0.1516604,0.0,0.0
-0.090417385,0.53287214,0.3076672,-0.5316563,0.016811777,0.15999761,0.0,0.0
-0.08714791,0.5212451,0.3182748,-0.51687884,0.025376422,0.17129292,0.0,0.0
-0.0837142,0.50995684,0.33384827,-0.5018911,0.03477283,0.18792821,0.0,0.0
-0.080187224,0.49808192,0.34556156,-0.5279549,0.04181686,0.14088105,0.0,0.0
-0.0766717,0.48686716,0.34431803,-0.4986533,0.04897008,0.14306442,0.0,0.0
-0.07316141,0.4760082,0.34367728,-0.4828782,0.056242824,0.14545467,0.0,0.0
-0.06965856,0.4651904,0.3428443,-0.48109072,0.06359119,0.1469671,0.0,0.0
-0.06613016,0.45442888,0.34516364,-0.47863415,0.07118613,0.15189908,0.0,0.0
-0.06262217,0.44414234,0.34298787,-0.45757395,0.07892213,0.15472028,0.0,0.0
-0.059122276,0.43439478,0.34194142,-0.43367177,0.08689695,0.15949611,0.0,0.0
-0.055531025,0.42470628,0.35046893,-0.43112537,0.0954681,0.17142308,0.0,0.0
-0.051838778,0.41542098,0.35982415,-0.41330805,0.104799144,0.18662074,0.0,0.0
-0.048381902,0.40632942,0.33711872,-0.40469232,0.11330244,0.17006592,0.0,0.0
-0.044813156,0.3973081,0.34756953,-0.4016789,0.12255342,0.18501967,0.0,0.0
-0.041485406,0.38839388,0.32432744,-0.39690408,0.13096422,0.16821592,0.0,0.0
-0.038204573,0.3798732,0.31944355,-0.37947547,0.1395585,0.17188555,0.0,0.0
-0.035159208,0.3715537,0.29665956,-0.3705157,0.14741799,0.15719035,0.0,0.0
-0.032260895,0.36336538,0.28229275,-0.36468875,0.15493475,0.15033554,0.0,0.0
-0.029576873,0.35511333,0.26161307,-0.36748254,0.16172777,0.13586032,0.0,0.0
-0.02715292,0.34722257,0.23630647,-0.35137475,0.1678094,0.121632874,0.0,0.0
-0.024816703,0.33961374,0.22750053,-0.33887374,0.17394531,0.12271813,0.0,0.0
-0.022786522,0.3326166,0.1976524,-0.31162584,0.17933302,0.107753836,0.0,0.0
-0.020789718,0.32557762,0.19416323,-0.31352028,0.18487535,0.1108468,0.0,0.0
-0.018967628,0.3191557,0.17678916,-0.2861017,0.19031177,0.10872873,0.0,0.0
-0.017399883,0.31349146,0.15172979,-0.25240123,0.19538443,0.10145273,0.0,0.0
-0.015746593,0.30725062,0.16248289,-0.27774838,0.19824779,0.0572671,0.0,0.0
-0.014327621,0.30175453,0.13929984,-0.24462183,0.20086445,0.052333403,0.0,0.0
-0.01303463,0.2969807,0.12645426,-0.21255884,0.20372233,0.057157576,0.0,0.0
-0.011861515,0.2928385,0.11426393,-0.18451878,0.20680575,0.061668158,0.0,0.0
-0.010795879,0.28929198,0.10323527,-0.15809344,0.21015811,0.067047104,0.0,0.0
-0.009930229,0.28566694,0.08381273,-0.1615087,0.2129414,0.055665582,0.0,0.0
-0.009267521,0.2823825,0.063819036,-0.14633209,0.21541938,0.04955988,0.0,0.0
-0.008527565,0.27853146,0.073579185,-0.1712171,0.21584389,0.008490065,0.0,0.0
-0.008115197,0.275442,0.041384988,-0.13728707,0.2156861,-0.0031556971,0.0,0.0
-0.0077241897,0.27305576,0.03850269,-0.10614411,0.21629143,0.0121067,0.0,0.0
-0.0075284005,0.2706474,0.019477362,-0.10704978,0.21639708,0.002112711,0.0,0.0
-0.007255554,0.26765665,0.029148554,-0.13265274,0.21452495,-0.03744259,0.0,0.0
-0.0072907447,0.2651899,-0.0010239437,-0.109275654,0.21199688,-0.050561182,0.0,0.0
-0.0076972963,0.26343864,-0.037324242,-0.077357374,0.20864312,-0.06707542,0.0,0.0
-0.008009052,0.2611258,-0.025374252,-0.10198612,0.20278844,-0.11709356,0.0,0.0
-0.008512306,0.25972268,-0.04457898,-0.061586685,0.19700308,-0.11570682,0.0,0.0
-0.008948612,0.2577299,-0.0362058,-0.08759908,0.1895251,-0.14955977,0.0,0.0
-0.009412194,0.25671324,-0.039697118,-0.044349696,0.18283851,-0.13373148,0.0,0.0
-0.009815502,0.25512588,-0.032063775,-0.06955029,0.17454779,-0.16581437,0.0,0.0
-0.010227298,0.2541188,-0.033488598,-0.043875504,0.16684991,-0.15395781,0.0,0.0
-0.010565949,0.2525428,-0.024256557,-0.068992205,0.15723139,-0.19237055,0.0,0.0
-0.010897827,0.25106794,-0.02393028,-0.064595915,0.14798217,-0.18498448,0.0,0.0
-0.011345196,0.25050488,-0.035621118,-0.02414447,0.13889125,-0.1818184,0.0,0.0
-0.011709308,0.24936627,-0.025132466,-0.049595095,0.12765639,-0.22469771,0.0,0.0
-0.011997795,0.24763857,-0.015623713,-0.07570813,0.114506185,-0.263004,0.0,0.0
-0.012272263,0.24624218,-0.014601415,-0.06112281,0.10174788,-0.2551662,0.0,0.0
-0.01259613,0.2449467,-0.019509958,-0.05674912,0.08898177,-0.2553222,0.0,0.0
-0.012987137,0.24392925,-0.026138261,-0.044498395,0.076146565,-0.25670415,0.0,0.0
-0.013316822,0.24232215,-0.018422266,-0.07074949,0.061758753,-0.28775638,0.0,0.0
-0.013506031,0.24071804,-0.0051376224,-0.070781775,0.048133805,-0.27249902,0.0,0.0
-0.013862228,0.23997918,-0.02126365,-0.03244163,0.033954095,-0.28359425,0.0,0.0
-0.014218521,0.23864295,-0.021262567,-0.05912514,0.019774584,-0.28359032,0.0,0.0
-0.014671135,0.23671769,-0.033354077,-0.08544948,0.008013713,-0.23521736,0.0,0.0
-0.0152576445,0.23513296,-0.04613918,-0.07040914,-0.004343731,-0.24714884,0.0,0.0
-0.015919972,0.2329392,-0.055636466,-0.09756537,-0.014799858,-0.20912263,0.0,0.0
-0.016649436,0.23015215,-0.0640661,-0.12398001,-0.023566501,-0.1753329,0.0,0.0
-0.017472172,0.2267747,-0.075773954,-0.15022512,-0.029985324,-0.128376,0.0,0.0
-0.018132973,0.22355948,-0.060268383,-0.14302461,-0.03572644,-0.11482249,0.0,0.0
-0.01859169,0.22081484,-0.040880494,-0.12211252,-0.040651742,-0.09850618,0.0,0.0
-0.018877124,0.21880926,-0.02419855,-0.089260936,-0.044945158,-0.08586817,0.0,0.0
-0.019101333,0.21698542,-0.018251855,-0.08118789,-0.049064424,-0.082385525,0.0,0.0
-0.019386102,0.2145713,-0.02585755,-0.10738241,-0.05165361,-0.051783632,0.0,0.0
-0.019753456,0.21156193,-0.036216386,-0.13376544,-0.05216553,-0.010238284,0.0,0.0
-0.020136451,0.20928492,-0.037485775,-0.10123067,-0.05296452,-0.01597987,0.0,0.0
-0.020470237,0.20758711,-0.032609355,-0.075487114,-0.053729996,-0.015309152,0.0,0.0
-0.020880794,0.2053048,-0.042247828,-0.101394065,-0.052552536,0.023549046,0.0,0.0
-0.021364022,0.2034583,-0.049001135,-0.08204297,-0.05187895,0.013471728,0.0,0.0
-0.021930408,0.2010162,-0.059440307,-0.10844611,-0.049112428,0.055330418,0.0,0.0
-0.022490788,0.19904652,-0.058701806,-0.08745645,-0.04648112,0.0526262,0.0,0.0
-0.023051167,0.19647697,-0.05870185,-0.114123695,-0.043849815,0.05262618,0.0,0.0
-0.023407746,0.19446753,-0.03911852,-0.08921126,-0.04043452,0.06830607,0.0,0.0
-0.02377596,0.19327047,-0.04004877,-0.053120006,-0.037249926,0.06369191,0.0,0.0
-0.024144173,0.19147354,-0.040048815,-0.07978752,-0.03406534,0.063691884,0.0,0.0
-0.024512386,0.18907672,-0.04004886,-0.10645504,-0.03088075,0.06369183,0.0,0.0
-0.024671745,0.18739237,-0.020004762,-0.0747802,-0.026855998,0.08049497,0.0,0.0
-0.024870778,0.18607193,-0.023713514,-0.058622178,-0.023095496,0.07520996,0.0,0.0
-0.025128651,0.18480693,-0.029264743,-0.056171615,-0.019653669,0.068836376,0.0,0.0
-0.025386428,0.1829421,-0.029264772,-0.082839265,-0.016211852,0.068836324,0.0,0.0
-0.02568388,0.18117093,-0.03300481,-0.078689106,-0.012988317,0.06447078,0.0,0.0
-0.025993347,0.1803526,-0.034089718,-0.036347944,-0.009883682,0.062092572,0.0,0.0
-0.026231479,0.17894176,-0.025144283,-0.062695056,-0.008569217,0.02628924,0.0,0.0
-0.02659378,0.17779563,-0.03695506,-0.05093509,-0.007852389,0.014336696,0.0,0.0
-0.026956081,0.17604955,-0.03695506,-0.07760179,-0.007135546,0.014336715,0.0,0.0
-0.02729864,0.17455252,-0.035056982,-0.066532366,-0.006346777,0.015775464,0.0,0.0
-0.02776308,0.17387603,-0.046645574,-0.030063113,-0.00615045,0.0039267093,0.0,0.0
-0.028148651,0.17260602,-0.036746655,-0.05645385,-0.007935842,-0.035707675,0.0,0.0
-0.028534222,0.17073599,-0.036746655,-0.083120786,-0.009721237,-0.035707664,0.0,0.0
-0.029078102,0.168949,-0.051824104,-0.079442464,-0.012260149,-0.05077837,0.0,0.0
-0.029692268,0.16656269,-0.06062626,-0.106065616,-0.01303624,-0.015521864,0.0,0.0
-0.030153941,0.16417094,-0.046073757,-0.106303476,-0.013131725,-0.0019094956,0.0,0.0
-0.030769635,0.16210693,-0.06071518,-0.09173949,-0.013977655,-0.01691844,0.0,0.0
-0.031526566,0.1606933,-0.074117735,-0.062844396,-0.015531231,-0.031071603,0.0,0.0
-0.032283496,0.15867963,-0.074117735,-0.08951126,-0.017084815,-0.031071585,0.0,0.0
-0.033118345,0.15605965,-0.083890624,-0.11644154,-0.016683226,0.008031695,0.0,0.0
-0.03410511,0.15433688,-0.09829416,-0.07657207,-0.017062252,-0.007580674,0.0,0.0
-0.03499489,0.15201789,-0.08611207,-0.103102036,-0.019879678,-0.056348503,0.0,0.0
-0.035968207,0.1490927,-0.096602485,-0.1300177,-0.020598525,-0.01437722,0.0,0.0
-0.037000466,0.14640263,-0.102165245,-0.11957516,-0.021643443,-0.02089853,0.0,0.0
-0.03793659,0.14448617,-0.09290762,-0.085186735,-0.022336353,-0.013858093,0.0,0.0
-0.038872622,0.14196976,-0.09290762,-0.11185344,-0.023029264,-0.013858092,0.0,0.0
-0.039936353,0.13938282,-0.1050332,-0.11499422,-0.024350172,-0.026418334,0.0,0.0
-0.041054726,0.13776313,-0.110118054,-0.07201544,-0.026042182,-0.033840246,0.0,0.0
-0.042108536,0.13554934,-0.10202982,-0.09845347,-0.029351158,-0.06617962,0.0,0.0
-0.043239973,0.13273746,-0.1117653,-0.12500052,-0.030710002,-0.027176475,0.0,0.0
-0.04447527,0.13038376,-0.12156705,-0.10464888,-0.032650016,-0.03880018,0.0,0.0
-0.04578781,0.12743984,-0.13126713,-0.13084194,-0.032642633,0.00014784673,0.0,0.0
-0.047140695,0.12474883,-0.13502038,-0.1196037,-0.032907873,-0.005304837,0.0,0.0
-0.048403837,0.121447,-0.123758495,-0.14680748,-0.035433937,-0.050521277,0.0,0.0
-0.04971199,0.11843906,-0.12794586,-0.13375641,-0.038266066,-0.05664265,0.0,0.0
-0.05098629,0.11607028,-0.12456705,-0.10535646,-0.04108854,-0.056449402,0.0,0.0
-0.052336883,0.11311406,-0.13414921,-0.13141315,-0.04198417,-0.017912595,0.0,0.0
-0.053586673,0.11065007,-0.12440467,-0.10952725,-0.042556465,-0.011445821,0.0,0.0
-0.05474596,0.10758921,-0.1130533,-0.13612093,-0.045398775,-0.056846045,0.0,0.0
-0.056000043,0.105068,-0.12192345,-0.112166025,-0.048839014,-0.06880483,0.0,0.0
-0.057317447,0.10195857,-0.12987971,-0.13825585,-0.050677117,-0.036762226,0.0,0.0
-0.058460426,0.09949709,-0.1130602,-0.109443344,-0.05190552,-0.024567943,0.0,0.0
-0.059669018,0.096442446,-0.121277,-0.13574575,-0.051483456,0.008441288,0.0,0.0
-0.060914803,0.09365645,-0.12469643,-0.12381753,-0.051372252,0.0022243285,0.0,0.0
-0.062081147,0.09026228,-0.11472297,-0.1509199,-0.053264186,-0.037838798,0.0,0.0
-0.06310616,0.08754073,-0.10102886,-0.121009484,-0.054712605,-0.028968621,0.0,0.0
-0.06421022,0.085560545,-0.10833269,-0.0880853,-0.056752987,-0.040807642,0.0,0.0
-0.065314196,0.08298048,-0.10833273,-0.114752315,-0.058793362,-0.040807653,0.0,0.0
-0.066337585,0.080478154,-0.100529954,-0.11128552,-0.060585108,-0.035834752,0.0,0.0
-0.06738005,0.07830721,-0.10216962,-0.09657218,-0.062639244,-0.04108289,0.0,0.0
-0.068422414,0.07553631,-0.10216965,-0.1232392,-0.064693406,-0.041082878,0.0,0.0
-0.06936617,0.07311102,-0.092562035,-0.107871495,-0.066480726,-0.035746243,0.0,0.0
-0.070435144,0.07127889,-0.10425244,-0.0815455,-0.069091104,-0.05220752,0.0,0.0
-0.07157135,0.0688428,-0.11268824,-0.10831468,-0.07001886,-0.01855498,0.0,0.0
-0.07268238,0.06680089,-0.11006582,-0.09079945,-0.071045324,-0.020529354,0.0,0.0
-0.07370596,0.06415373,-0.09910779,-0.117810175,-0.074269965,-0.06449273,0.0,0.0
-0.07452259,0.061882433,-0.07914893,-0.101074606,-0.07676386,-0.049877714,0.0,0.0
-0.07545166,0.05965141,-0.08970062,-0.09932639,-0.079927266,-0.063268304,0.0,0.0
-0.0764719,0.056841455,-0.10117086,-0.12493261,-0.08076887,-0.016831996,0.0,0.0
-0.07744904,0.054229196,-0.096865684,-0.11614955,-0.08161097,-0.016842013,0.0,0.0
-0.078321934,0.05181142,-0.08672242,-0.10748502,-0.0821727,-0.011234518,0.0,0.0
-0.079185866,0.0498155,-0.08560144,-0.088752426,-0.0829521,-0.015588132,0.0,0.0
-0.07993202,0.048357736,-0.074077085,-0.06481763,-0.08348016,-0.01056141,0.0,0.0
-0.08061485,0.04630209,-0.066157565,-0.091484025,-0.085588634,-0.04216936,0.0,0.0
-0.08112784,0.04472588,-0.049673304,-0.07014855,-0.08719956,-0.032218404,0.0,0.0
-0.08150387,0.04401363,-0.036215276,-0.03173602,-0.08857339,-0.027476763,0.0,0.0
-0.081964776,0.042704854,-0.04686474,-0.0581222,-0.08781357,0.015196538,0.0,0.0
-0.082482055,0.04197322,-0.05190445,-0.032508813,-0.08763184,0.0036346093,0.0,0.0
-0.08299933,0.040641483,-0.05190445,-0.059175484,-0.08745011,0.0036345825,0.0,0.0
-0.0835166,0.038709793,-0.05190445,-0.08584215,-0.087268375,0.0036346125,0.0,0.0
-0.08385935,0.037228998,-0.034988858,-0.065771975,-0.086566165,0.014044223,0.0,0.0
-0.084160134,0.03656746,-0.030596593,-0.029374031,-0.08604942,0.010334633,0.0,0.0
-0.08446083,0.03530582,-0.030596595,-0.056040715,-0.085532695,0.010334639,0.0,0.0
-0.08478165,0.03494483,-0.032110553,-0.016045485,-0.08550467,0.000560284,0.0,0.0
-0.08510246,0.03398374,-0.032110553,-0.04271215,-0.08547666,0.0005602768,0.0,0.0
-0.085423276,0.032422695,-0.032110553,-0.069378816,-0.085448645,0.0005602698,0.0,0.0
-0.08580818,0.031523835,-0.0378757,-0.039982606,-0.08604846,-0.01199633,0.0,0.0
-0.08619299,0.030025015,-0.037875704,-0.0666493,-0.08664826,-0.011996318,0.0,0.0
-0.086377814,0.029221067,-0.018457811,-0.03573479,-0.08667294,-0.0004934198,0.0,0.0
-0.08665285,0.027822599,-0.029777642,-0.062023155,-0.084426835,0.044922113,0.0,0.0
-0.08702173,0.026721392,-0.038484454,-0.048852123,-0.08284683,0.03160023,0.0,0.0
-0.08730469,0.026479134,-0.029912185,-0.010679153,-0.08124383,0.03205978,0.0,0.0
-0.08748989,0.025630914,-0.017657973,-0.03774701,-0.082099095,-0.017105157,0.0,0.0
-0.087749384,0.024192177,-0.026974808,-0.06388516,-0.081078425,0.02041339,0.0,0.0
-0.08810768,0.022862801,-0.03622233,-0.059063647,-0.08069111,0.0077466294,0.0,0.0
-0.0884305,0.02175723,-0.0326237,-0.049118515,-0.08034505,0.0069207326,0.0,0.0
-0.08882074,0.021123014,-0.03879865,-0.028198833,-0.08057641,-0.004626864,0.0,0.0
-0.089211084,0.01988884,-0.03879865,-0.054865494,-0.08080775,-0.004626872,0.0,0.0
-0.08938713,0.019141683,-0.0181023,-0.033178754,-0.08032292,0.009696721,0.0,0.0
-0.08956327,0.017794572,-0.018102301,-0.059845436,-0.07983809,0.009696708,0.0,0.0
-0.089727685,0.017390594,-0.016607048,-0.017944455,-0.079679966,0.0031625624,0.0,0.0
-0.089953996,0.016385302,-0.024351375,-0.044592056,-0.077975325,0.034092687,0.0,0.0
-0.09020357,0.015564046,-0.026376534,-0.036426604,-0.07656668,0.02817272,0.0,0.0
-0.09045305,0.014142833,-0.026376551,-0.06309344,-0.07515804,0.02817272,0.0,0.0
-0.09074068,0.013179813,-0.029752558,-0.042751644,-0.074170366,0.019753253,0.0,0.0
-0.090902805,0.012287531,-0.017639697,-0.039587185,-0.07275791,0.028249275,0.0,0.0
-0.09116087,0.011984763,-0.026508624,-0.013420384,-0.07205499,0.014058185,0.0,0.0
-0.09134474,0.011080036,-0.017222604,-0.040268667,-0.07321181,-0.02313656,0.0,0.0
-0.09153595,0.0103725055,-0.017741278,-0.031513017,-0.07458287,-0.027420878,0.0,0.0
-0.09172726,0.009065018,-0.017741295,-0.05817984,-0.0759539,-0.027420864,0.0,0.0
-0.0917881,0.008592734,-0.0049654017,-0.021049064,-0.0770601,-0.022124376,0.0,0.0
-0.09189443,0.00776479,-0.01752094,-0.036460128,-0.07024981,0.13620624,1.0,0.0
-0.0920311,0.00717803,-0.020217665,-0.02578544,-0.063761376,0.12976871,1.0,0.0
-0.0921916,0.0075466726,-0.022187745,0.01663303,-0.057689805,0.121431194,1.0,0.0
-0.09235211,0.007315824,-0.022188019,-0.010036722,-0.05161826,0.12143089,0.0,0.0
-0.092442706,0.006472573,-0.013418382,-0.037332423,-0.04731291,0.08610686,0.0,0.0
-0.092531584,0.006057367,-0.013099429,-0.018326914,-0.043150008,0.08325804,0.0,0.0
-0.092558004,0.0050402735,-0.0052628806,-0.045132056,-0.04055728,0.051854648,0.0,0.0
-0.09255514,0.0043944335,-0.0023492794,-0.028635127,-0.037951298,0.05211962,0.0,0.0
-0.092694856,0.0039695357,-0.01584837,-0.018838447,-0.036101133,0.037003215,0.0,0.0
-0.09273853,0.0029342389,-0.0037886065,-0.046026047,-0.036671657,-0.01141043,0.0,0.0
-0.09277239,0.0022759174,-0.008680182,-0.029145367,-0.031429093,0.104883015,1.0,0.0
-0.09290657,0.0021337962,-0.018152678,-0.006225488,-0.026758634,0.09340902,1.0,0.0
-0.09318523,0.0023230887,-0.031844042,0.008479527,-0.022833617,0.078500316,1.0,0.0
-0.093463995,0.0019125676,-0.031844087,-0.018188428,-0.018908603,0.07850025,0.0,0.0
-0.093663216,0.00089365005,-0.021875445,-0.045260303,-0.016982501,0.03852202,0.0,0.0
-0.09367647,0.00044429064,-0.0048889583,-0.019936511,-0.01345753,0.070499234,1.0,0.0
-0.09382429,0.00023901224,-0.017695168,-0.009102792,-0.010591357,0.0573237,1.0,0.0
-0.094144724,0.0006601906,-0.03409576,0.01873251,-0.008563925,0.040548597,1.0,0.0
-0.09446506,0.00048144817,-0.034095768,-0.0079345,-0.0065365043,0.04054859,0.0,0.0
-0.09470491,-0.00030197145,-0.023980811,-0.034819286,-0.0065352307,2.5385205e-05,0.0,0.0
-0.09507141,-0.00043053867,-0.03765861,-0.005708029,-0.0055348603,0.02000725,1.0,0.0
-0.09539366,-0.0010492349,-0.03710167,-0.027487863,-0.00072148,0.09626757,1.0,0.0
-0.09558229,-0.0006769085,-0.021816578,0.016543504,0.002179952,0.05801926,1.0,1.0
-0.09579086,-0.0007718587,-0.02010327,-0.004217018,0.0014416126,-0.014771355,0.0,1.0
-0.096019074,-0.0013340497,-0.018396277,-0.024990685,-0.0029321855,-0.08747992,0.0,1.0
-0.09611444,-0.0014246368,-0.008799417,-0.004032566,-0.003635098,-0.014038883,1.0,1.0
-0.09616699,-0.0011312747,-0.0074159727,0.013051395,-0.0014570408,0.04361188,1.0,1.0
-0.09622498,-0.0011216903,-0.005847857,0.00041217398,-0.0014213616,0.00070528965,1.0,1.0
-0.09623728,-0.0011231208,-0.0012436135,-6.880974e-05,-0.0014118295,0.00019652725,1.0,1.0
-0.09622669,-0.0011231208,0.0010901496,-3.1191587e-06,-0.001428576,-0.00031711176,1.0,1.0
-0.09621592,-0.0011230493,0.0011102576,1.2069579e-06,-0.0014455656,-0.00032313803,1.0,1.0
-0.09621239,-0.0011229777,0.00036640413,3.0110343e-07,-0.0014513597,-0.00010656059,1.0,1.0
-0.096213624,-0.0011229777,-0.00012248097,-9.458422e-08,-0.0014497956,3.5573386e-05,1.0,1.0
-0.09621563,-0.0011229777,-0.00019833512,-1.5543364e-07,-0.0014470724,5.759905e-05,1.0,1.0
-0.096216485,-0.0011229777,-8.8989e-05,-7.2496476e-08,-0.0014459442,2.5841731e-05,1.0,1.0
-0.096216395,-0.0011229777,6.5476474e-06,4.9704045e-09,-0.0014462136,-1.8981111e-06,1.0,1.0
-0.096216105,-0.0011229777,3.306427e-05,2.5400247e-08,-0.0014468307,-9.585838e-06,1.0,1.0
-0.09621592,-0.0011229777,1.9285839e-05,1.67584e-08,-0.0014472359,-5.591902e-06,1.0,1.0
-0.09621592,-0.0011229777,1.7636333e-06,1.1791561e-09,-0.0014473513,-5.6437455e-07,1.0,1.0
-0.09621601,-0.0011229777,-5.1374254e-06,-4.3317696e-09,-0.0014473328,1.4907957e-06,1.0,1.0
-0.09621601,-0.0011229777,-3.9308193e-06,-4.3379296e-09,-0.0014473369,1.1580591e-06,1.0,1.0
-0.09621601,-0.0011229777,-9.1001505e-07,-6.725423e-10,-0.0014473717,3.3343974e-07,1.0,1.0
-0.09621601,-0.0011229777,6.7631106e-07,6.8902123e-10,-0.0014474186,-1.9518761e-07,1.0,1.0
-0.09621601,-0.0011229777,7.253502e-07,8.049367e-10,-0.0014474646,-1.7940839e-07,1.0,1.0
-0.09621601,-0.0011229777,2.4426228e-07,-5.0027765e-10,-0.0014474972,-5.9653146e-08,1.0,1.0
-0.09621601,-0.0011229777,-9.4592785e-08,-2.8096228e-10,-0.0014475201,8.827065e-08,1.0,1.0
-0.09621601,-0.0011229777,-1.504819e-07,3.9720997e-11,-0.0014475427,7.946959e-08,1.0,1.0
-0.09621601,-0.0011229777,-8.3923915e-08,-1.7274657e-10,-0.001447557,9.4466145e-08,1.0,1.0
-0.09621601,-0.0011229777,-2.4100803e-08,-1.5453222e-09,-0.001447559,7.425142e-08,1.0,1.0
-0.09621601,-0.0011229777,5.7802216e-09,-3.1687752e-09,-0.0014475785,-8.80883e-09,1.0,1.0
-0.09621601,-0.0011229777,1.3459166e-08,-3.111601e-09,-0.0014475916,-3.0118727e-08,1.0,1.0
-0.09621601,-0.0011229777,2.6696205e-09,-3.0583605e-09,-0.0014476031,-8.624516e-11,1.0,1.0
-0.09621601,-0.0011229777,0.0,0.0,-0.0014476038,0.0,1.0,1.0
